0.000536
0.000428
0.000393
0.000287
0.000288
0.0003
0.000273
0.000187
0.000182
0.00018
0.000174
0.000173
0.000172
0.000175
0.000148
0.00011
0.000107
0.000113
0.00011
0.00011
0.00011
0.00011
0.000109
0.000109
0.000109
0.000109
0.000111
0.000124
0.000114
0.000135
8.1e-05
6.9e-05
6.7e-05
6.5e-05
6.4e-05
6.4e-05
6.8e-05
6.4e-05
6.3e-05
7.8e-05
6.5e-05
7.7e-05
0.000108
9.6e-05
0.0001
0.000104
7.7e-05
7.6e-05
6.9e-05
6.8e-05
6.7e-05
6.7e-05
9.6e-05
7.6e-05
0.000117
6.8e-05
6.7e-05
6.6e-05
6.5e-05
6.6e-05
6.5e-05
5.6e-05
4.5e-05
4.3e-05
4.2e-05
5.2e-05
4.7e-05
4.6e-05
4.6e-05
4.6e-05
4.6e-05
4.6e-05
4.5e-05
4.5e-05
4.5e-05
4.5e-05
4.5e-05
4.4e-05
4.4e-05
4.5e-05
4.5e-05
4.4e-05
4.4e-05
4.5e-05
0.000103
4.4e-05
4.3e-05
4.4e-05
4.9e-05
4.4e-05
4.3e-05
4.4e-05
4.5e-05
4.4e-05
4.4e-05
4.3e-05
4.4e-05
4.9e-05
4.4e-05
4.4e-05
4.4e-05
4.4e-05
4.4e-05
4.4e-05
4.4e-05
4.4e-05
4.4e-05
4.4e-05
4.4e-05
4.4e-05
4.3e-05
4.3e-05
4.3e-05
4.3e-05
4.3e-05
4.4e-05
4.4e-05
4.3e-05
4.3e-05
4.3e-05
4.3e-05
4.3e-05
4.4e-05
4.4e-05
3.5e-05
3.5e-05
3.3e-05
3.3e-05
3.3e-05
2.9e-05
2.9e-05
2.9e-05
2.8e-05
2.7e-05
2.8e-05
2.9e-05
2.8e-05
2.8e-05
2.8e-05
2.8e-05
2.7e-05
2.7e-05
2.7e-05
2.8e-05
2.6e-05
2.6e-05
2.7e-05
2.6e-05
2.6e-05
2.7e-05
2.6e-05
2.6e-05
2.6e-05
2.6e-05
2.6e-05
2.6e-05
2.6e-05
2.6e-05
2.5e-05
2.6e-05
2.6e-05
2.5e-05
2.6e-05
2.6e-05
2.6e-05
2.6e-05
2.6e-05
2.7e-05
2.6e-05
2.6e-05
2.6e-05
2.6e-05
2.6e-05
2.6e-05
2.5e-05
2.6e-05
2.6e-05
2.5e-05
2.6e-05
2.6e-05
2.6e-05
2.5e-05
2.5e-05
2.6e-05
2.6e-05
2.6e-05
2.6e-05
2.5e-05
2.6e-05
2.6e-05
2.6e-05
2.6e-05
2.6e-05
2.6e-05
3.5e-05
3.1e-05
2.5e-05
2.6e-05
2.5e-05
2.6e-05
2.6e-05
2.5e-05
2.6e-05
2.6e-05
2.6e-05
2.6e-05
2.6e-05
2.6e-05
2.6e-05
2.5e-05
2.6e-05
2.6e-05
2.5e-05
2.5e-05
2.5e-05
2.5e-05
2.6e-05
2.6e-05
2.6e-05
2.6e-05
2.6e-05
2.5e-05
2.5e-05
2.5e-05
2.5e-05
2.5e-05
2.5e-05
2.6e-05
2.5e-05
2.5e-05
2.5e-05
2.5e-05
2.6e-05
2.5e-05
2.5e-05
2.5e-05
2.5e-05
2.5e-05
2.5e-05
2.5e-05
2.5e-05
2.5e-05
2.5e-05
2.5e-05
2.5e-05
2.5e-05
2.5e-05
2.5e-05
2.5e-05
0.001076
0.000879
0.000796
0.000558
0.000549
0.000563
0.000537
0.000385
0.000362
0.000465
0.000411
0.000388
0.000378
0.000375
0.000334
0.000245
0.00024
0.00026
0.000256
0.000253
0.000252
0.000253
0.000252
0.000252
0.000287
0.000274
0.000265
0.000262
0.000254
0.000247
0.000187
0.000165
0.000167
0.000163
0.000159
0.000161
0.000159
0.000158
0.00022
0.000158
0.000163
0.000158
0.000156
0.000156
0.000155
0.000155
0.000157
0.000158
0.000165
0.000157
0.000156
0.000155
0.000156
0.000157
0.000154
0.000153
0.000153
0.000152
0.000153
0.000153
0.000154
0.000133
0.000115
0.000111
0.000109
0.000105
0.000103
0.000103
0.000104
0.000102
0.000101
0.000101
0.000101
0.000102
0.000102
0.000101
0.000102
0.000101
0.000102
0.000101
0.0001
0.000101
0.000101
0.0001
0.0001
0.0001
0.0001
0.000101
0.000125
0.000102
0.000102
0.000102
0.000102
0.000102
0.000102
0.000101
0.000102
0.000213
0.000171
0.000176
0.000162
0.000179
0.000167
0.000167
0.000181
0.000239
0.000153
0.000185
0.000181
0.000164
0.000169
0.00027
0.000195
0.000179
0.000175
0.00016
0.000197
0.000185
0.000123
0.000116
0.000123
0.000125
0.000109
0.000108
9.1e-05
9e-05
9.7e-05
9.2e-05
8.2e-05
7.1e-05
7e-05
6.9e-05
6.9e-05
6.8e-05
6.8e-05
6.7e-05
6.7e-05
6.7e-05
6.7e-05
6.7e-05
6.7e-05
6.6e-05
6.7e-05
6.6e-05
6.6e-05
6.7e-05
6.6e-05
6.6e-05
6.6e-05
6.6e-05
6.7e-05
6.6e-05
6.6e-05
6.6e-05
6.6e-05
6.6e-05
6.6e-05
6.5e-05
6.6e-05
6.6e-05
6.6e-05
6.6e-05
6.6e-05
6.5e-05
6.6e-05
6.6e-05
6.5e-05
6.6e-05
6.5e-05
6.6e-05
6.5e-05
6.7e-05
6.5e-05
6.6e-05
6.5e-05
6.6e-05
6.6e-05
6.6e-05
6.5e-05
6.6e-05
6.6e-05
6.6e-05
6.6e-05
6.6e-05
6.5e-05
6.6e-05
6.6e-05
6.7e-05
6.5e-05
6.5e-05
6.6e-05
6.5e-05
6.6e-05
6.6e-05
6.7e-05
6.5e-05
6.6e-05
6.6e-05
6.6e-05
6.6e-05
6.6e-05
6.6e-05
6.6e-05
6.6e-05
6.5e-05
6.6e-05
6.5e-05
6.5e-05
6.6e-05
7e-05
6.6e-05
6.6e-05
6.6e-05
6.5e-05
6.5e-05
6.6e-05
6.6e-05
6.6e-05
6.5e-05
6.6e-05
6.6e-05
6.5e-05
6.5e-05
6.6e-05
6.6e-05
6.6e-05
6.6e-05
6.6e-05
6.6e-05
6.6e-05
6.5e-05
6.6e-05
6.6e-05
6.6e-05
6.5e-05
6.6e-05
6.6e-05
6.6e-05
6.6e-05
6.5e-05
6.6e-05
6.6e-05
6.7e-05
6.6e-05
6.7e-05
6.6e-05
6.6e-05
6.7e-05
6.6e-05
5.9e-05
5.9e-05
5.8e-05
5.7e-05
5.8e-05
5.7e-05
5.6e-05
5.7e-05
6.2e-05
5.5e-05
5.4e-05
5.5e-05
5.4e-05
5.4e-05
5.4e-05
5.4e-05
5.4e-05
5.3e-05
5.4e-05
5.4e-05
5.4e-05
5.4e-05
5.5e-05
5.3e-05
5.4e-05
5.3e-05
5.3e-05
5.4e-05
5.3e-05
5.3e-05
5.4e-05
5.3e-05
5.3e-05
5.3e-05
5.3e-05
5.3e-05
5.4e-05
5.3e-05
5.4e-05
5.3e-05
5.3e-05
5.7e-05
5.4e-05
5.3e-05
5.4e-05
5.3e-05
5.4e-05
5.4e-05
5.3e-05
5.8e-05
7.3e-05
0.002318
0.002195
0.001835
0.00127
0.001257
0.001327
0.001254
0.001124
0.000911
0.000893
0.000861
0.000898
0.00089
0.000938
0.000793
0.000611
0.00059
0.000611
0.000603
0.000604
0.0006
0.000598
0.000598
0.000608
0.000595
0.000606
0.000601
0.000604
0.000827
0.000624
0.000519
0.000443
0.000436
0.000391
0.000388
0.000379
0.000378
0.000383
0.000383
0.000386
0.000534
0.000535
0.000415
0.000539
0.000536
0.000398
0.000387
0.000393
0.000385
0.000382
0.000383
0.000378
0.000376
0.000374
0.000373
0.000382
0.000382
0.000377
0.000372
0.000372
0.000374
0.00033
0.000285
0.000279
0.000277
0.000262
0.000321
0.00023
0.000257
0.000231
0.000231
0.00023
0.000225
0.000231
0.000225
0.000229
0.000224
0.000225
0.00024
0.000242
0.000238
0.000228
0.000231
0.000227
0.000232
0.000228
0.00023
0.000226
0.000228
0.000222
0.000223
0.000225
0.000228
0.000286
0.000338
0.000268
0.000397
0.000408
0.0003
0.000242
0.000245
0.00023
0.000236
0.00023
0.00023
0.000228
0.000231
0.000231
0.000262
0.000231
0.000226
0.000224
0.000224
0.000224
0.000225
0.000227
0.000224
0.000223
0.000224
0.000227
0.000234
0.000224
0.000224
0.000223
0.000179
0.000178
0.000176
0.000174
0.000173
0.000168
0.000245
0.000236
0.00024
0.00023
0.000219
0.000212
0.000213
0.00022
0.00022
0.000229
0.000225
0.000226
0.000217
0.00022
0.00022
0.000223
0.00022
0.000238
0.000274
0.000269
0.000271
0.000273
0.000282
0.000276
0.0002
0.000173
0.000175
0.000176
0.00018
0.000173
0.000211
0.000161
0.000238
0.000159
0.000203
0.000168
0.000292
0.000189
0.000235
0.000176
0.000184
0.00017
0.000167
0.00017
0.000161
0.000163
0.000165
0.00016
0.00016
0.000159
0.000158
0.000159
0.000157
0.000157
0.000163
0.000157
0.000158
0.000162
0.000159
0.000156
0.000156
0.000157
0.000156
0.000157
0.000159
0.000158
0.000158
0.000157
0.000158
0.000158
0.000157
0.000157
0.000157
0.000159
0.000162
0.00016
0.000161
0.000166
0.000186
0.000218
0.000226
0.000199
0.000168
0.000165
0.00017
0.000165
0.000167
0.000163
0.000161
0.000164
0.000163
0.000163
0.00016
0.000162
0.000165
0.000159
0.000158
0.000164
0.000158
0.000162
0.000162
0.000165
0.000166
0.000164
0.000165
0.000171
0.00016
0.000159
0.000158
0.000159
0.000158
0.000162
0.000161
0.000161
0.000164
0.000164
0.000165
0.000162
0.000158
0.000143
0.000143
0.000142
0.000141
0.000142
0.000142
0.000138
0.00014
0.000145
0.000146
0.000146
0.000147
0.000141
0.000152
0.000205
0.000191
0.000197
0.000154
0.00028
0.000245
0.000178
0.000154
0.000145
0.000143
0.000143
0.000144
0.000145
0.000145
0.000146
0.000149
0.000152
0.000142
0.000145
0.000139
0.00015
0.00014
0.000139
0.000139
0.00014
0.00014
0.000138
0.000144
0.00014
0.000139
0.000138
0.00014
0.000139
0.000139
0.000173
0.00014
0.00014
0.006813
0.006004
0.00476
0.004917
0.004101
0.005941
0.006016
0.006016
0.005636
0.003707
0.002576
0.003339
0.003985
0.004013
0.003724
0.002257
0.002256
0.002737
0.003377
0.002621
0.002459
0.001964
0.001507
0.001499
0.0015
0.001481
0.001493
0.002084
0.001633
0.001491
0.001679
0.001488
0.001483
0.001826
0.00201
0.001473
0.001449
0.001445
0.00105
0.001022
0.001303
0.001024
0.001034
0.001011
0.001012
0.001013
0.001006
0.001003
0.001007
0.001076
0.001811
0.001255
0.001036
0.001022
0.001168
0.001031
0.001022
0.001019
0.001453
0.001762
0.001746
0.001048
0.001026
0.00103
0.001022
0.00102
0.001911
0.001761
0.001532
0.001037
0.001027
0.001025
0.001835
0.001748
0.001752
0.001782
0.001116
0.001351
0.001318
0.001314
0.001339
0.001342
0.001332
0.001333
0.000905
0.000782
0.000785
0.000774
0.000782
0.001228
0.001289
0.001326
0.001319
0.001343
0.000934
0.000792
0.000783
0.000777
0.001145
0.001365
0.001356
0.001328
0.00134
0.001262
0.000797
0.000786
0.000785
0.001304
0.001322
0.00134
0.00142
0.001315
0.001165
0.000781
0.000781
0.000923
0.000788
0.001222
0.001295
0.000785
0.00078
0.001014
0.001327
0.001099
0.000781
0.000782
0.000771
0.000766
0.000763
0.000727
0.000724
0.000723
0.000721
0.000722
0.000722
0.000736
0.000723
0.000727
0.000721
0.001109
0.001249
0.001255
0.001266
0.001305
0.001245
0.001268
0.001338
0.001273
0.00125
0.001155
0.000745
0.000737
0.000731
0.000726
0.000724
0.00062
0.000585
0.000583
0.000582
0.000624
0.000581
0.000579
0.000576
0.000578
0.000577
0.00058
0.000574
0.000572
0.000573
0.000574
0.000575
0.000578
0.000575
0.000572
0.000576
0.000653
0.000579
0.000576
0.000576
0.000574
0.000575
0.000574
0.000575
0.000583
0.000582
0.00058
0.000582
0.000581
0.000586
0.000581
0.000585
0.00058
0.000585
0.000766
0.000841
0.000592
0.000588
0.000585
0.000577
0.000578
0.000576
0.000656
0.000586
0.000585
0.00061
0.00059
0.00059
0.000584
0.000581
0.000583
0.000576
0.000576
0.000575
0.000573
0.000575
0.000574
0.000573
0.000573
0.000575
0.000575
0.000574
0.000573
0.000573
0.000574
0.000574
0.000574
0.000688
0.000996
0.000734
0.000591
0.000584
0.00058
0.000585
0.00058
0.000578
0.000575
0.000577
0.000576
0.000577
0.000575
0.000578
0.000577
0.000584
0.000577
0.000576
0.000574
0.000576
0.000573
0.000575
0.000574
0.000575
0.000664
0.000577
0.000575
0.000573
0.000573
0.000575
0.000608
0.000606
0.000856
0.00104
0.001047
0.001051
0.000658
0.000622
0.000622
0.000616
0.000616
0.000609
0.000607
0.000608
0.000607
0.00075
0.000881
0.000621
0.000611
0.000616
0.000617
0.000607
0.00064
0.000616
0.000617
0.000613
0.000604
0.00061
0.000607
0.00061
0.000607
0.000921
0.001032
0.001036
0.001053
0.001033
0.000721
0.000685
0.001029
0.001049
0.001034
0.001042
0.001049
0.016498
0.012418
0.013288
0.010899
0.011665
0.010401
0.00733
0.007398
0.006113
0.004876
0.00486
0.004824
0.004838
0.004901
0.005038
0.004842
0.005536
0.004795
0.004236
0.003374
0.003482
0.003526
0.003338
0.00334
0.003996
0.003398
0.00353
0.003365
0.003559
0.004202
0.003394
0.003363
0.00348
0.003191
0.00336
0.003315
0.00315
0.003121
0.002516
0.002371
0.002253
0.002253
0.002267
0.002362
0.002325
0.002243
0.002274
0.002365
0.002291
0.002277
0.002236
0.00248
0.002356
0.002275
0.002316
0.002381
0.002266
0.00225
0.002337
0.002265
0.002385
0.002273
0.002274
0.002244
0.002334
0.002394
0.00228
0.002257
0.002386
0.002233
0.002248
0.00225
0.002494
0.002449
0.00225
0.002251
0.00224
0.001913
0.001743
0.001776
0.001748
0.001766
0.00176
0.001851
0.001742
0.001737
0.001728
0.001741
0.001978
0.001749
0.001747
0.001757
0.001743
0.00174
0.001853
0.00175
0.001762
0.001796
0.001759
0.001817
0.001761
0.001767
0.005347
0.001867
0.002698
0.001835
0.001763
0.002259
0.001917
0.00176
0.001756
0.001766
0.001743
0.001831
0.001768
0.001726
0.001742
0.001749
0.001755
0.001857
0.001796
0.001762
0.001735
0.001754
0.001738
0.001878
0.001734
0.001742
0.001745
0.001799
0.001886
0.00169
0.001677
0.001672
0.001666
0.001669
0.001796
0.001651
0.001725
0.001696
0.001659
0.001669
0.001747
0.001651
0.001672
0.001663
0.001663
0.001717
0.00178
0.001645
0.001667
0.00167
0.001685
0.001662
0.001744
0.001428
0.001356
0.001425
0.001395
0.001352
0.001344
0.001465
0.001346
0.001356
0.001758
0.001938
0.001861
0.001519
0.001381
0.001344
0.001347
0.001353
0.001349
0.001371
0.001448
0.001345
0.001344
0.001376
0.001357
0.001781
0.001381
0.001448
0.001354
0.001353
0.001364
0.001349
0.001352
0.001345
0.001453
0.001474
0.002301
0.002316
0.002291
0.002512
0.002291
0.002319
0.002099
0.002525
0.002331
0.002549
0.002366
0.002586
0.002283
0.002227
0.002308
0.003472
0.002313
0.002122
0.001437
0.001381
0.001722
0.001719
0.001721
0.001355
0.001724
0.001353
0.001363
0.001392
0.001359
0.001354
0.001515
0.001478
0.001365
0.001362
0.001347
0.001346
0.001659
0.001394
0.00137
0.001405
0.001355
0.00145
0.001349
0.001358
0.001342
0.001361
0.001395
0.001477
0.001594
0.001362
0.001355
0.001339
0.001412
0.001463
0.001376
0.001383
0.001361
0.001355
0.001377
0.001718
0.001366
0.001383
0.001387
0.001416
0.001479
0.001428
0.001503
0.001418
0.001379
0.001402
0.001356
0.001728
0.00137
0.001371
0.001589
0.001896
0.00155
0.001376
0.00136
0.001401
0.00198
0.002171
0.001661
0.001427
0.001376
0.001384
0.001368
0.001358
0.00138
0.001422
0.001371
0.001363
0.001361
0.001727
0.001534
0.001439
0.001383
0.001368
0.001392
0.001393
0.001361
0.001358
0.001357
0.001389
0.001707
0.001468
0.001372
0.001373
0.001374
0.001377
0.065903
0.066342
0.041075
0.041705
0.040662
0.029901
0.028255
0.029582
0.028832
0.029841
0.033544
0.022793
0.034959
0.021671
0.021047
0.02124
0.02156
0.021211
0.022279
0.023828
0.111728
0.027591
0.020919
0.018489
0.015035
0.014994
0.015235
0.015354
0.015184
0.015913
0.015515
0.015059
0.015189
0.014783
0.013881
0.014636
0.015994
0.016637
0.014681
0.014675
0.015031
0.01474
0.014496
0.015335
0.015163
0.014051
0.014533
0.01418
0.011467
0.010634
0.010887
0.010909
0.010738
0.011013
0.011639
0.010561
0.011071
0.012304
0.010729
0.013038
0.011521
0.010543
0.010629
0.010651
0.010325
0.0104
0.0129
0.018143
0.019003
0.015214
0.010257
0.010295
0.010308
0.010302
0.010243
0.010374
0.010293
0.010892
0.011529
0.018297
0.018279
0.016498
0.01023
0.010564
0.01058
0.010217
0.01035
0.010327
0.010288
0.010307
0.010458
0.010297
0.010654
0.011978
0.010936
0.010312
0.009655
0.008297
0.008394
0.008415
0.009334
0.0084
0.008379
0.008636
0.008501
0.008738
0.008507
0.00901
0.008273
0.008406
0.00838
0.008321
0.009249
0.008345
0.010582
0.008614
0.008254
0.008354
0.008313
0.008348
0.008363
0.009284
0.015237
0.014366
0.015185
0.013122
0.015374
0.013479
0.016023
0.011032
0.01136
0.011363
0.011236
0.01118
0.011685
0.011113
0.011151
0.011285
0.011059
0.011199
0.011144
0.011056
0.011083
0.011038
0.011643
0.011112
0.011164
0.011166
0.016695
0.01909
0.018751
0.011246
0.011118
0.011013
0.011575
0.011643
0.011694
0.011846
0.013084
0.010907
0.011709
0.012234
0.011311
0.011138
0.01122
0.011223
0.011176
0.011039
0.011736
0.011149
0.010965
0.011371
0.012966
0.011773
0.011253
0.011067
0.01125
0.011084
0.011143
0.011158
0.011428
0.010992
0.011156
0.013301
0.011285
0.011497
0.011441
0.011272
0.011029
0.011508
0.014033
0.012786
0.013139
0.021788
0.010063
0.009472
0.009572
0.009569
0.009738
0.010517
0.015427
0.012103
0.020273
0.014402
0.009739
0.009458
0.009467
0.009588
0.009846
0.010135
0.010478
0.01026
0.01021
0.009998
0.009842
0.009645
0.00972
0.009674
0.014095
0.013378
0.009903
0.009872
0.009533
0.009612
0.009502
0.009476
0.009643
0.009568
0.009679
0.009441
0.009854
0.009757
0.009615
0.009774
0.009623
0.009586
0.011733
0.015505
0.012796
0.009629
0.010179
0.009787
0.009523
0.009896
0.00941
0.009459
0.00938
0.009463
0.009575
0.009527
0.009538
0.009788
0.009502
0.009601
0.009607
0.009556
0.009631
0.009266
0.009163
0.009223
0.009248
0.009215
0.009238
0.009374
0.009274
0.009178
0.009291
0.009196
0.009307
0.009154
0.009155
0.011265
0.009378
0.009445
0.009729
0.009319
0.009235
0.009292
0.011277
0.009113
0.009163
0.009807
0.011131
0.010205
0.009192
0.009716
0.009252
0.009492
0.009296
0.009225
0.009417
0.009183
0.01283
0.011132
0.009214
0.009266
0.010551
0.015628
0.015494
0.009359
0.179169
0.160337
0.1443
0.123959
0.119509
0.086512
0.08373
0.081522
0.094431
0.089132
0.085397
0.064929
0.058994
0.059267
0.059155
0.061315
0.062449
0.060765
0.059897
0.0618
0.061898
0.059761
0.058236
0.063666
0.046979
0.04205
0.042889
0.047907
0.042959
0.062676
0.042945
0.042301
0.043476
0.040404
0.040325
0.040096
0.043122
0.04447
0.043618
0.041861
0.041999
0.040675
0.043188
0.040815
0.040343
0.040274
0.040336
0.03863
0.030232
0.031111
0.038026
0.034456
0.031453
0.030779
0.030691
0.030705
0.030997
0.030666
0.030763
0.030574
0.030599
0.031115
0.030606
0.033012
0.031011
0.030324
0.031096
0.030884
0.034808
0.033126
0.030715
0.030736
0.030524
0.035135
0.031365
0.030459
0.03048
0.030369
0.03043
0.030523
0.030485
0.030862
0.036381
0.030913
0.030903
0.031551
0.036327
0.031705
0.030613
0.030395
0.031016
0.03088
0.030334
0.031308
0.030891
0.032936
0.034056
0.025805
0.025765
0.027588
0.036457
0.026826
0.028597
0.027351
0.025468
0.026175
0.02537
0.027346
0.025579
0.025516
0.026372
0.02699
0.028563
0.026671
0.025045
0.026071
0.025736
0.028674
0.027174
0.027501
0.029786
0.026949
0.039865
0.027756
0.025671
0.025722
0.025699
0.025723
0.025938
0.024786
0.02678
0.027307
0.027397
0.028899
0.027478
0.027599
0.026139
0.024975
0.026288
0.025786
0.025324
0.025655
0.025075
0.024205
0.026805
0.024632
0.024804
0.024247
0.025809
0.024257
0.024413
0.024313
0.037176
0.025435
0.026163
0.027431
0.026493
0.029861
0.034038
0.028419
0.02688
0.026787
0.027371
0.025224
0.024554
0.024705
0.02586
0.024777
0.02652
0.02496
0.024514
0.024934
0.024773
0.024947
0.024588
0.027755
0.041114
0.033158
0.031808
0.034463
0.037402
0.038291
0.024343
0.034335
0.027125
0.035666
0.03355
0.041463
0.03525
0.025022
0.024605
0.025385
0.025775
0.02431
0.025622
0.038765
0.024244
0.021125
0.021975
0.021182
0.021247
0.027815
0.021348
0.023126
0.021669
0.021253
0.021733
0.021445
0.021301
0.021648
0.021137
0.021374
0.021691
0.021163
0.022948
0.021345
0.021251
0.021302
0.021628
0.021526
0.022547
0.025082
0.022085
0.021186
0.02253
0.021342
0.021518
0.021001
0.021221
0.021667
0.021176
0.029234
0.021347
0.021563
0.021744
0.025589
0.022023
0.021196
0.021122
0.021085
0.021628
0.021178
0.022031
0.022174
0.02193
0.023991
0.028085
0.024619
0.02186
0.021609
0.021108
0.021328
0.02194
0.021509
0.022795
0.022674
0.021332
0.023213
0.024114
0.050494
0.022942
0.02299
0.02297
0.022919
0.023288
0.025897
0.022887
0.025216
0.023769
0.022999
0.022988
0.023429
0.023342
0.023637
0.030292
0.023241
0.023074
0.023178
0.023266
0.023353
0.023125
0.023017
0.023095
0.022954
0.023166
0.02289
0.023475
0.02308
0.023197
0.026189
0.023194
0.022988
0.02306
0.022935
0.023335
0.023142
0.023146
0.023126
0.033844
0.032614
